0,451
38,37
38,36
24,1
24,3
38,35
0,450
0,449
0,448
0,447
0,446
0,445
0,444
0,443
0,442
0,441
0,440
0,439
0,438
0,437
0,436
0,435
0,434
0,433
0,432
0,431
0,430
0,429
0,428
0,427
0,426
0,425
0,424
0,423
0,422
0,421
0,420
0,419
0,418
0,417
0,416
0,415
0,414
0,413
0,412
0,411
0,410
0,409
0,408
0,407
0,406
0,405
0,404
0,403
0,402
0,401
0,400
0,399
0,398
0,397
0,396
0,395
0,394
0,393
0,392
0,391
0,390
0,389
0,388
23,2
0,387
0,386
0,243
3,2
3,1
3,3
10,73
10,299
10,81
10,251
10,15
10,226
10,159
10,2
10,3
11,5
11,11
11,15
11,17
11,4
11,23
11,7
11,2
11,3
9,5
9,2
9,3
8,13
